xh: 0.4495464563369751
yh: 0.5455214381217957
./results/run_1/yh_prime: 0.5292753577232361
